689126
689122
689121
689121
689511
689573
689124
689574
689506
689626
689510
689123
689595
689572
689109
689104
689590
688012
688012
688001
688011
688001
688011
688005
688011
688007
688561
688535
688534
688530
688006
688505
690505
690105
690507
688524
688524
690104
690106
690532
690534
689624
688537
688529
688501
688522
690110
690535
689504
690572
690516
690517
688506
690502
690502
690508
689508
690509
689521
690533
689512
690548
688533
689623
690558
688538
689622
690101
690101
690101
688539
689627
688502
688503
688525
689505
690506
690511
690513
690571
690504
690510
690529
690503
690512
688541
688521
688531
690531
689520
688570
690559
688526
688504
690537
688004
688014
690527
688003
688523
688582
688562
690530
688527
688013
690103
690102
690107
688540
688002
688013
690515
688008
688532
688528
690501
688555
688536
689509
673028
673315
673309
673612
673015
673018
673032
673001
673020
673020
673032
673001
673008
673001
673002
673301
673304
673655
673017
673308
673106
673005
673502
673306
673303
673006
673632
673631
673631
673014
673570
673521
673302
673507
673615
673611
673506
673003
673010
673513
673526
673655
673307
673527
673580
673572
673305
673003
673571
673604
673016
673508
673102
673310
673009
673007
673328
673012
673661
673524
673602
673011
673614
673027
673613
673585
673601
673104
673582
673501
673019
673509
673001
673522
673523
673525
673528
673586
673105
673503
673021
673004
673620
673633
673317
673002
673573
673541
673029
673529
673603
673505
673574
673101
673103
673517
673011
673542
673005
673005
682553
682041
683511
683101
683101
683101
682303
682302
683573
683572
682313
686672
683549
683585
682501
683502
682004
682033
686681
683512
683578
683514
682034
682027
682312
683571
682037
682010
682024
683561
682502
682031
682018
682026
682503
686665
682035
682016
682011
682306
683112
683503
682042
682309
682556
682020
683519
682030
683574
683104
686668
682017
682315
683575
683576
682555
683541
683562
683111
682001
682016
682022
682311
683518
686662
683544
686666
686691
683565
682007
682316
690108
683579
683545
683587
682511
683581
683520
682304
682029
682002
682002
682002
683589
682559
683577
683516
686669
683547
682314
682504
682507
683110
686661
686673
682505
683563
682509
686693
682040
682508
683550
682012
682025
683515
682006
686667
682036
682506
682002
683513
683513
683513
682015
683542
683542
686664
682038
686671
682308
683594
682039
686663
683543
682031
683580
683106
682032
682013
682305
682005
683108
683105
682021
686692
682301
682301
683102
682307
683501
683522
683521
682310
682023
683556
683517
683546
682028
682019
682003
685561
685512
685591
685507
685565
685613
685501
685615
685514
685602
685603
685588
685552
685562
685511
685606
685581
685586
685508
685515
685582
685590
685601
685509
685620
685616
685589
685612
685604
685535
685605
685587
685553
685571
685531
685532
685566
685619
685618
685614
685609
685584
685585
685584
685554
685595
685505
685503
685551
685533
685607
685583
685563
685608
670571
670008
670612
670009
670013
670014
670102
670694
670632
670581
670104
670301
670511
670011
670650
670672
670006
670353
670106
670591
670327
670595
670107
670663
670310
670334
670703
670593
670621
670676
670642
670005
670562
670604
670003
670002
670017
670001
670012
670567
670142
670521
673316
670674
670706
670307
670601
670592
670651
670309
670643
670304
670611
670501
670702
670302
670325
670602
670306
670331
670613
670622
670662
670582
673311
670105
670701
673313
670661
670004
670692
670561
670671
670563
670503
670502
670691
670143
670704
670303
670001
670307
670633
670673
673312
670675
670504
670741
670641
670308
670631
670002
670102
670101
670101
670101
670141
670018
670103
670007
670693
670705
670649
670010
670594
670305
671531
671318
671541
671313
671326
671311
671317
671315
671121
671121
671315
671124
671321
671324
671323
671542
671543
671314
671312
671348
671533
671551
671552
671532
671122
671351
671310
671319
671322
671123
691573
690573
691306
690538
691002
690542
691533
691302
691534
691014
691311
691572
691583
691583
691584
691557
691520
691559
690525
691502
691307
691322
691011
691312
691505
691536
691008
691543
691560
691578
691309
691602
691576
691579
691516
690518
691004
691004
691590
691001
691001
691013
691013
691001
691001
691506
691571
691521
690544
691310
691501
691501
690540
691508
691509
691541
690574
689695
691015
691303
691577
691585
691503
690519
691515
691334
691582
691535
690526
691512
691510
691566
691006
691301
691574
689695
691021
691522
691601
691504
691537
690520
691531
691304
691305
691332
691507
690539
691581
690521
690522
690561
691007
691020
690523
691016
691319
691308
690524
691009
691012
691333
691005
691019
691589
691010
690536
691331
691532
690528
691540
691511
691538
691500
686503
686651
686574
686122
686562
686564
686015
686578
686517
686101
686101
686106
686101
686585
686584
686531
686520
686555
686121
686509
686631
686631
686008
686653
686571
686604
686602
686508
686611
686632
686541
686507
686544
686540
686572
686583
686020
686522
686514
686518
686002
686001
686001
686003
686017
686144
686608
686563
686016
686511
686633
686104
686533
686546
686041
686019
686018
686543
686603
686561
686516
686652
686609
686636
686586
686510
686513
686004
686613
686548
686013
686006
686542
686545
686534
686601
686616
686612
686014
686634
686146
686012
686575
686575
686575
686537
686007
686502
686521
686512
686021
686637
686536
686102
686610
686579
686506
686581
686582
686577
686560
686515
686573
686011
686576
686009
686580
686607
686605
686005
686505
686519
686630
686123
686606
686001
686539
686105
686535
686143
686010
686141
686538
686587
686103
686504
686501
676305
679585
679357
679321
673639
676312
676102
673647
673635
673634
679340
673645
676319
679334
676519
679331
679576
676501
676541
679587
679572
673314
676553
679582
676525
679584
676123
676523
676309
676504
679591
676522
679338
673638
676503
676562
676506
679571
673641
676507
676505
676505
676542
676561
679333
676121
676121
676122
679324
679581
679326
673642
679574
676311
676509
679575
679329
679330
676109
676528
676521
676303
676502
679325
679322
679322
679580
679577
679583
679586
676106
679332
676517
679323
673637
676510
676307
676302
679573
676320
673636
676103
676105
676301
676101
676101
676306
676306
676104
676108
679327
676508
676552
679339
679578
673640
679579
676317
676304
679328
678581
678601
678541
679512
678011
679551
678682
678510
679505
679536
678007
679503
678704
678104
678101
678005
679511
678611
678622
678546
678502
679123
679515
678512
678596
679313
678009
678003
678591
678621
678623
678701
678686
679104
678595
679506
678597
678633
679523
678543
678641
678684
678501
678506
678631
678551
678572
678732
678555
678557
679554
679337
679552
679553
678681
678013
679533
678721
679301
678651
679521
678613
678685
678583
678642
678571
678533
678703
679306
678556
678705
678592
678507
678594
679308
678553
678554
679335
678508
678004
678002
679101
678001
678014
678001
678001
678008
678001
678544
679103
678505
678688
678006
679305
679501
678661
678612
678573
679303
678532
678762
679535
678574
678542
679302
678531
678552
678598
678545
678731
678632
679307
678687
678010
679121
679122
679513
678593
678102
678102
678103
678671
679514
679102
679304
678722
679502
679534
678683
678012
678504
679336
678706
678534
679522
679504
679516
679309
678624
691523
689674
689533
689612
689611
689113
689112
689677
689594
689650
689663
686547
689668
689532
691524
689643
691526
689542
689675
689586
691552
691553
689649
689648
689694
689583
689582
689102
689587
689514
691555
689531
689691
689693
689615
689614
689641
689641
689654
689503
689547
689653
689661
689581
689550
689103
689106
689644
689645
689676
689664
689666
689584
689585
689646
691551
689105
691530
689549
689591
689507
689107
689678
689642
689513
691556
689571
689621
689647
689546
689551
689714
689501
689501
691554
689645
689692
689108
689592
689696
689110
689548
689652
689589
689543
689602
689711
689672
689673
689713
689667
689545
689699
691525
689613
689115
689502
689597
689101
689101
689111
689662
689588
689698
689541
689656
689544
695001
695122
695005
695029
695309
695123
695032
695542
695023
695101
695103
695310
695501
695522
695587
695132
695142
695304
695014
695033
695503
695311
695019
695014
695306
695040
695024
695605
695608
695042
695301
695524
695030
695504
695564
695002
695021
695581
695572
695003
695003
695582
695099
695601
695104
695527
695043
695583
695003
695574
695512
695602
695571
695009
695611
695015
695610
695144
695302
695025
695015
695528
695603
695541
695307
695020
695121
695121
695507
695125
695562
695146
695024
695604
695316
695568
695609
695018
695502
695508
695004
695561
695563
695124
695305
695126
695005
695573
695033
695012
695012
695026
695575
695588
695513
695011
695038
695033
695612
695526
695303
695525
695585
695589
695010
695017
695145
695586
695614
695133
695027
695036
695001
695022
695024
695317
695014
695006
695001
695016
695007
695023
695011
695034
695506
695143
695308
695547
695008
695606
695035
695035
695141
695141
695028
695013
695543
695505
695522
695523
695607
695318
695312
695033
695551
695521
695134
680518
680302
680555
680563
679564
680741
680641
680618
680620
680688
680102
680521
680731
680003
680307
680307
680307
680506
680586
680312
680687
680561
680008
679531
680511
680026
680502
679532
680515
680568
680122
680703
680671
680611
680615
680589
680666
680584
680101
680121
680121
680125
680514
680543
680681
680546
680683
680317
680011
680613
680027
680517
680594
680612
680519
680670
680711
680544
680702
680501
680656
680571
680591
680309
680523
680684
680664
680123
679106
680691
680504
680308
680668
680505
680667
680590
680616
680503
680006
680007
680028
680724
680013
680734
680732
680617
680651
680604
680685
680602
679105
680311
680669
680581
680509
680583
680541
680751
680661
680566
680305
679563
680655
680306
680512
680524
680699
680304
680522
680665
680310
680552
680721
680652
680507
680542
680587
680564
680653
680545
680689
680565
680686
680004
680722
680733
680301
680012
680663
680002
680551
680103
680682
680642
680014
680508
680553
680631
680664
680569
680104
680701
680697
680022
680588
680520
680001
680020
680005
680009
680001
680001
680516
680513
680619
680562
679562
680570
680567
680303
680585
680614
680596
680662
680654
680601
680510
680010
680623
680582
673593
673595
673123
673121
673122
670646
670645
673591
673577
670721
673575
673579
673592
673592
670644
673581
670731
673576